#PVF_File

[name]
	`賽麗亞的祝福`

[name2]
	`name2_690000280`

[explain]
	`    打開后可以獲得裝備、 寵物、 寶珠、 強化券、 各種消耗品等。
    開啟1個禮盒需要消耗1個幸運魔錘。`

[flavor text]
	`點擊鼠標右鍵開啟禮盒`

[grade]
	1

[attach type]
	`[free]`

[rarity]
	2

[usable job]
	`[all]`
[/usable job]

[minimum level]
	1

[icon]
	`Item/stackable/consumption.img`	442

[field image]
	`Item/field_material.img`	39

[stackable type]
	`[multi upgradable legacy]`	0

[random]
	[default list]
		1	7422	1	0	7422	120000	3	0	7422	40000	2	0	7422	200000	5	0	7422	120000	5	0	7422	40000	1	0	7422	200000	3	0	7422	12000	3	0	7422	40000	3	0
	[/default list]
	[random list]
		1	7422	3	0	1085	20000	5	0	1085	15000	1	0	1085	10000	2	0	1085	8000	5	0	1085	70	10	0	7422	20000	5	0	7422	15000	3	0	7422	10000	2	0	7422	8000	3	0	7422	70	10	0	2660671	20000	3	0	2660671	15000	1	0	2660671	10000	3	0	2660671	8000	3	0	2660671	2000	5	0	2600015	2500	1	0	2600015	1500	2	0	2600015	1000	3	0	2600015	500	5	0	2600016	2500	1	0	2600016	1500	2	0	2600016	1000	3	0	2600016	500	5	0	2600012	2500	1	0	2600012	1500	2	0	2600012	1000	3	0	2600012	500	5	0	2600013	2500	1	0	2600013	1500	2	0	2600013	1000	3	0	2600013	500	5	0	2600027	2500	1	0	2600027	1500	2	0	2600027	1000	3	0	2600027	500	5	0	2600014	2500	1	0	2600014	1500	2	0	2600014	1000	3	0	2600014	500	5	0	2600028	2500	1	0	2600028	1500	2	0	2600028	1000	3	0	2600028	500	5	0	2600021	2500	1	0	2600021	1500	2	0	2600021	1000	3	0	2600021	500	5	0	2600023	2500	1	0	2600023	1500	2	0	2600023	1000	3	0	2600023	500	5	0	2600024	2500	1	0	2600024	1500	2	0	2600024	1000	3	0	2600024	500	5	0	2600020	2500	1	0	2600020	1500	2	0	2600020	1000	3	0	2600020	500	5	0	2600019	2500	1	0	2600019	1500	2	0	2600019	1000	3	0	2600019	500	5	0	2600022	2500	1	0	2600022	1500	2	0	2600022	1000	3	0	2600022	500	5	0	2600025	2500	1	0	2600257	2500	5	0	2600257	1250	10	0	2600257	625	30	0	2600257	325	50	0	2600018	2500	1	0	2600018	1250	2	0	2600018	625	3	0	2600555	2500	1	0	2600555	1250	2	0	2600555	625	3	0	2600556	2500	1	0	2600556	1250	2	0	2600556	625	3	0	2600551	2500	1	0	2600551	1250	2	0	2600551	625	3	0	2600552	2500	1	0	2600552	1250	2	0	2600552	625	3	0	2600255	2500	1	0	2600255	1250	2	0	2600255	625	3	0	2600256	2500	1	0	2600256	1250	2	0	2600256	625	3	0	2600251	2500	1	0	2600251	1250	2	0	2600251	625	3	0	2600252	2500	1	0	2600252	1250	2	0	2600252	625	3	0	14	15000	1	0	14	10000	3	0	14	5000	5	0	15	15000	1	0	15	10000	3	0	15	5000	5	0	1251	15000	1	0	1252	5000	1	0	1	15000	1	0	1	8000	3	0	1	4000	3	0	1	2000	7	0	1	1000	5	0	2682582	15000	1	0	2682582	10000	2	0	2682582	5000	3	0	24	5000	5	0	24	500	10	0	21	15000	1	0	21	5000	2	0	21	2000	2	0	24	15000	2	0	24	10000	5	0	24	5000	10	0	25	5000	1	0	25	1000	2	0	25	500	3	0	899	1200	1	0	899	500	3	0	899	300	3	0	30	20000	1	0	31	10000	1	0	32	2000	1	0	33	1000	1	0	34	5	1	0	43	20000	1	0	44	10000	1	0	45	1000	1	0	46	5	1	0	2660409	5000	1	0	2660410	1000	1	0	2660411	5	1	0	36	5000	1	0	36	5000	3	0	36	5000	5	0	37	10000	1	0	37	10000	3	0	37	10000	5	0	7614	20000	1	0	7615	10000	1	0	7616	2000	1	0	690000301	20000	1	0	690000301	10000	2	0	690000301	5000	3	0	3260	5000	1	0	3260	3500	3	0	3260	1500	5	0	3285	5000	1	0	3285	3500	3	0	3285	1500	5	0	3290	5000	1	0	3290	3500	3	0	3290	1500	5	0	4438	5000	1	0	4438	3500	2	0	4438	1500	3	0	8050	500	1	0	8325	1000	1	0	8239	200	1	0	8240	5	1	0	8326	5	1	0	4429	3500	1	0	4429	1500	2	0	4429	500	3	0	3336	3500	5	0	3336	1500	10	0	3336	500	50	0	3337	3500	5	0	3337	1500	10	0	3337	500	50	0	3326	3500	2	0	3326	1500	3	0	3326	500	5	0	4430	3500	1	0	4430	1500	2	0	4430	500	3	0	4421	3500	1	0	4421	1500	2	1	4421	500	3	1	3209	350	1	1	3209	1500	2	1	3209	500	3	1	4176	350	1	1	4176	1500	2	1	4176	500	3	1	4083	350	1	1	4083	1500	2	1	4083	500	3	1	10000540	20000	1	1	10000541	5000	1	0	2660834	1000	1	0	2660452	1000	1	0	10000323	200	1	0	10000323	50	5	0	10000326	5	1	0	10000326	20	5	0	10000323	75	2	0	10000326	40	2	0	2660666	100	1	0	2660667	100	1	0	2660668	100	1	0	2660669	100	1	0	900	5	1	0	900	40	5	0	900	20	10	0	900	1	100	0	2660548	80	1	0	2660548	40	2	0	2660548	30	3	0	2660548	20	5	0	2660548	10	8	0	690016000	30	1	0	690016001	30	1	0	690016002	30	1	0	690017000	620	1	0	690017001	15	1	0	690017002	100	1	0	690017003	80	1	0	690017004	50	1	1	26158	50	1	1	26155	50	1	1	26161	500	1
	[/random list]
	[random list]
		1	7422	3	0	1085	20000	5	0	1085	15000	1	0	1085	10000	2	0	1085	8000	5	0	1085	70	10	0	7422	20000	5	0	7422	15000	3	0	7422	10000	2	0	7422	8000	3	0	7422	70	10	0	8	20000	3	0	8	15000	1	0	8	10000	3	0	8	8000	3	0	8	2000	5	0	2600015	2500	1	0	2600015	1500	2	0	2600015	1000	3	0	2600015	500	5	0	2600016	2500	1	0	2600016	1500	2	0	2600016	1000	3	0	2600016	500	5	0	2600012	2500	1	0	2600012	1500	2	0	2600012	1000	3	0	2600012	500	5	0	2600013	2500	1	0	2600013	1500	2	0	2600013	1000	3	0	2600013	500	5	0	2600027	2500	1	0	2600027	1500	2	0	2600027	1000	3	0	2600027	500	5	0	2600014	2500	1	0	2600014	1500	2	0	2600014	1000	3	0	2600014	500	5	0	2600028	2500	1	0	2600028	1500	2	0	2600028	1000	3	0	2600028	500	5	0	2600021	2500	1	0	2600021	1500	2	0	2600021	1000	3	0	2600021	500	5	0	2600023	2500	1	0	2600023	1500	2	0	2600023	1000	3	0	2600023	500	5	0	2600024	2500	1	0	2600024	1500	2	0	2600024	1000	3	0	2600024	500	5	0	2600020	2500	1	0	2600020	1500	2	0	2600020	1000	3	0	2600020	500	5	0	2600019	2500	1	0	2600019	1500	2	0	2600019	1000	3	0	2600019	500	5	0	2600022	2500	1	0	2600022	1500	2	0	2600022	1000	3	0	2600022	500	5	0	2600025	2500	1	0	2600257	2500	5	0	2600257	1250	10	0	2600257	625	30	0	2600257	325	50	0	2600018	2500	1	0	2600018	1250	2	0	2600018	625	3	0	2600555	2500	1	0	2600555	1250	2	0	2600555	625	3	0	2600556	2500	1	0	2600556	1250	2	0	2600556	625	3	0	2600551	2500	1	0	2600551	1250	2	0	2600551	625	3	0	2600552	2500	1	0	2600552	1250	2	0	2600552	625	3	0	2600255	2500	1	0	2600255	1250	2	0	2600255	625	3	0	2600256	2500	1	0	2600256	1250	2	0	2600256	625	3	0	2600251	2500	1	0	2600251	1250	2	0	2600251	625	3	0	2600252	2500	1	0	2600252	1250	2	0	2600252	625	3	0	14	15000	1	0	14	10000	3	0	14	5000	5	0	15	15000	1	0	15	10000	3	0	15	5000	5	0	1251	15000	1	0	1252	5000	1	0	1	15000	1	0	1	8000	3	0	1	4000	3	0	1	2000	7	0	1	1000	5	0	2682582	15000	1	0	2682582	10000	2	0	2682582	5000	3	0	24	5000	5	0	24	500	10	0	21	15000	1	0	21	5000	2	0	21	2000	2	0	24	15000	2	0	24	10000	5	0	24	5000	10	0	25	5000	1	0	25	1000	2	0	25	500	3	0	899	1200	1	0	899	500	3	0	899	300	3	0	30	20000	1	0	31	10000	1	0	32	2000	1	0	33	1000	1	0	34	5	1	0	43	20000	1	0	44	10000	1	0	45	1000	1	0	46	5	1	0	2660409	5000	1	0	2660410	1000	1	0	2660411	5	1	0	7273	132	1	0	7274	5	1	0	7275	5	1	0	8233	35	1	0	8234	120	1	0	8235	40	1	0	8236	10	1	0	8237	3	1	0	1286	40	1	0	8292	200	1	0	8293	15	1	0	8294	15	1	0	8295	140	1	0	8296	130	1	0	8297	120	1	0	8298	110	1	0	8299	5	1	0	8300	65	1	0	8301	5	1	0	8302	5	1	0	8303	5	1	0	8304	5	1	0	8305	40	1	0	8306	30	1	0	8307	10	1	0	8308	200	1	0	8309	15	1	0	8310	15	1	0	8311	140	1	0	8312	130	1	0	8313	120	1	0	8314	110	1	0	8315	5	1	0	8316	65	1	0	8317	5	1	0	8318	5	1	0	8319	5	1	0	8320	5	1	0	8321	40	1	0	8322	30	1	0	8323	10	1	0	8324	1	1	0	36	5000	1	0	36	5000	3	0	36	5000	5	0	37	10000	1	0	37	10000	3	0	37	10000	5	0	7614	20000	1	0	7615	10000	1	0	7616	2000	1	0	690000301	20000	1	0	690000301	10000	2	0	690000301	5000	3	0	3260	5000	1	0	3260	3500	3	0	3260	1500	5	0	3285	5000	1	0	3285	3500	3	0	3285	1500	5	0	3290	5000	1	0	3290	3500	3	0	3290	1500	5	0	4438	5000	1	0	4438	3500	2	0	4438	1500	3	0	8050	500	1	0	8325	1000	1	0	8239	200	1	0	8240	5	1	0	8326	5	1	0	4429	3500	1	0	4429	1500	2	0	4429	500	3	0	3336	3500	5	0	3336	1500	10	0	3336	500	50	0	3337	3500	5	0	3337	1500	10	0	3337	500	50	0	3326	3500	2	0	3326	1500	3	0	3326	500	5	0	4430	3500	1	0	4430	1500	2	0	4430	500	3	0	4421	3500	1	0	4421	1500	2	1	4421	500	3	1	3209	350	1	1	3209	1500	2	1	3209	500	3	1	4176	350	1	1	4176	1500	2	1	4176	500	3	1	4083	350	1	1	4083	1500	2	1	4083	500	3	1	10000540	20000	1	1	10000541	5000	1	1	10104	5	1	1	10105	5	1	1	10106	5	1	1	10107	5	1	1	10108	5	1	1	10109	5	1	1	10110	5	1	1	10112	5	1	1	10877	5	1	1	10878	5	1	1	10879	5	1	1	10880	5	1	1	10881	5	1	1	10882	5	1	1	10883	5	1	1	10885	5	1	1	11277	5	1	1	11278	5	1	1	11279	5	1	1	11280	5	1	1	11281	5	1	1	11282	5	1	1	11283	5	1	1	11285	5	1	1	12102	5	1	1	12103	5	1	1	12104	5	1	1	12105	5	1	1	12106	5	1	1	12107	5	1	1	12108	5	1	1	12110	5	1	1	12480	5	1	1	12481	5	1	1	12482	5	1	1	12483	5	1	1	12484	5	1	1	12485	5	1	1	12486	5	1	1	12488	5	1	1	27082	5	1	1	27083	5	1	1	27084	5	1	1	27085	5	1	1	27086	5	1	1	27087	5	1	1	27088	5	1	1	27536	5	1	1	27537	5	1	1	27538	5	1	1	27539	5	1	1	27540	5	1	1	27541	5	1	1	27542	5	1	1	27680	5	1	1	27681	5	1	1	27682	5	1	1	27683	5	1	1	27684	5	1	1	27685	5	1	1	27686	5	1	1	27980	5	1	1	27981	5	1	1	27982	5	1	1	27983	5	1	1	27984	5	1	1	27985	5	1	1	27986	5	1	1	29083	5	1	1	29084	5	1	1	29085	5	1	1	29086	5	1	1	29087	5	1	1	29088	5	1	1	29089	5	1	1	29680	5	1	1	29681	5	1	1	29682	5	1	1	29683	5	1	1	29684	5	1	1	29685	5	1	1	29686	5	1	1	29688	5	1	1	29981	5	1	1	29982	5	1	1	29983	5	1	1	29984	5	1	1	29985	5	1	1	29986	5	1	1	29987	5	1	1	31082	5	1	1	31083	5	1	1	31084	5	1	1	31085	5	1	1	31086	5	1	1	31087	5	1	1	31088	5	1	1	31380	5	1	1	31381	5	1	1	31382	5	1	1	31383	5	1	1	31384	5	1	1	31385	5	1	1	31386	5	1	1	31678	5	1	1	31679	5	1	1	31680	5	1	1	31681	5	1	1	31682	5	1	1	31683	5	1	1	31684	5	1	1	31980	5	1	1	31981	5	1	1	31982	5	1	1	31983	5	1	1	31984	5	1	1	31985	5	1	1	31986	5	1	1	32279	5	1	1	32280	5	1	1	32281	5	1	1	32282	5	1	1	32283	5	1	1	32284	5	1	1	32285	5	1	1	33044	5	1	1	33045	5	1	1	33046	5	1	1	33047	5	1	1	33048	5	1	1	33049	5	1	1	33050	5	1	1	33345	5	1	1	33346	5	1	1	33347	5	1	1	33348	5	1	1	33349	5	1	1	33350	5	1	1	33351	5	1	1	33645	5	1	1	33646	5	1	1	33647	5	1	1	33648	5	1	1	33649	5	1	1	33650	5	1	1	33651	5	1	1	33946	5	1	1	33947	5	1	1	33948	5	1	1	33949	5	1	1	33950	5	1	1	33951	5	1	1	33952	5	1	1	35043	5	1	1	35044	5	1	1	35045	5	1	1	35046	5	1	1	35047	5	1	1	35048	5	1	1	35049	5	1	1	35341	5	1	1	35342	5	1	1	35343	5	1	1	35344	5	1	1	35345	5	1	1	35346	5	1	1	35347	5	1	1	37049	5	1	1	37050	5	1	1	37051	5	1	1	37052	5	1	1	37053	5	1	1	37054	5	1	1	37055	5	1	1	37347	5	1	1	37348	5	1	1	37349	5	1	1	37350	5	1	1	37351	5	1	1	37352	5	1	1	37353	5	1	1	37647	5	1	1	37648	5	1	1	37649	5	1	1	37650	5	1	1	37651	5	1	1	37652	5	1	1	37653	5	1	1	39383	5	1	1	39384	5	1	1	39385	5	1	1	39386	5	1	1	39387	5	1	1	39388	5	1	1	39389	5	1	1	33024	5	1	1	33027	5	1	1	33030	5	1	1	27046	5	1	1	27052	5	1	1	27059	5	1	1	27645	5	1	1	27651	5	1	1	27658	5	1	1	27945	5	1	1	27951	5	1	1	27958	5	1	1	27344	5	1	1	27500	5	1	1	27510	5	1	1	28228	5	1	1	28232	5	1	1	28236	5	1	1	28240	5	1	1	29047	5	1	1	29054	5	1	1	29061	5	1	1	29346	5	1	1	39353	5	1	1	39361	5	1	1	29644	5	1	1	29651	5	1	1	29658	5	1	1	30227	5	1	1	30230	5	1	1	30234	5	1	1	29944	5	1	1	29952	5	1	1	29959	5	1	1	31046	5	1	1	31053	5	1	1	31060	5	1	1	31344	5	1	1	31351	5	1	1	31358	5	1	1	31945	5	1	1	31951	5	1	1	31958	5	1	1	31962	5	1	1	32244	5	1	1	32250	5	1	1	32257	5	1	1	31644	5	1	1	31650	5	1	1	31657	5	1	1	33324	5	1	1	33327	5	1	1	33330	5	1	1	33624	5	1	1	33627	5	1	1	33630	5	1	1	33925	5	1	1	33928	5	1	1	33931	5	1	1	34255	5	1	1	34256	5	1	1	35031	5	1	1	35330	5	1	1	35630	5	1	1	35930	5	1	1	36230	5	1	1	37037	5	1	1	37038	5	1	1	37039	5	1	1	37335	5	1	1	37336	5	1	1	37337	5	1	1	37635	5	1	1	37636	5	1	1	37637	5	1	1	24095	5	1	1	24096	5	1	1	24097	5	1	1	24098	5	1	1	24099	5	1	1	24100	5	1	1	24101	5	1	1	22093	5	1	1	22094	5	1	1	22095	5	1	1	22096	5	1	1	22097	5	1	1	22098	5	1	1	22099	5	1	1	20094	5	1	1	20095	5	1	1	20096	5	1	1	20097	5	1	1	20098	5	1	1	20099	5	1	1	20100	5	1	1	20054	5	1	1	20064	5	1	1	20071	5	1	1	20080	5	1	0	20093	5	1	0	24053	5	1	0	24064	5	1	0	24071	5	1	0	24080	5	1	0	24094	5	1	0	22051	5	1	0	22062	5	1	0	22069	5	1	0	22078	5	1	0	22079	5	1	0	22092	5	1	0	3600	5	1	0	3601	5	1	0	3602	5	1	0	3603	5	1	0	3604	5	1	0	3605	5	1	0	3606	5	1	0	3607	5	1	0	3608	5	1	0	3609	5	1	0	3610	5	1	0	3611	5	1	0	3612	5	1	0	3613	5	1	0	3614	5	1	0	3615	5	1	0	3616	5	1	0	3617	5	1	0	3618	5	1	0	3619	5	1	0	3620	5	1	0	3621	5	1	0	3622	5	1	0	3623	5	1	0	3624	5	1	0	3625	5	1	0	3626	5	1	0	3627	5	1	0	3628	5	1	0	3629	5	1	0	3630	5	1	0	3631	5	1	0	3632	5	1	0	3633	5	1	0	3634	5	1	0	3635	5	1	0	3636	5	1	0	3637	5	1	0	3638	5	1	0	3639	5	1	0	3640	5	1	0	3641	5	1	0	3642	5	1	0	3643	5	1	0	3644	5	1	0	3645	5	1	0	3646	5	1	0	3647	5	1	0	3648	5	1	0	3649	5	1	0	3650	5	1	0	3651	5	1	0	3652	5	1	0	3653	5	1	0	3654	5	1	0	3655	5	1	0	3656	5	1	0	3657	5	1	0	3658	5	1	0	3659	5	1	0	3660	5	1	0	3661	5	1	0	3662	5	1	0	3663	5	1	0	3664	5	1	0	3665	5	1	0	3666	5	1	0	3667	5	1	0	3668	5	1	0	3669	5	1	0	3670	5	1	0	3671	5	1	0	3672	5	1	0	3673	5	1	0	3674	5	1	0	3675	5	1	0	3676	5	1	0	3677	5	1	0	3678	5	1	0	3679	5	1	0	3680	5	1	0	3681	5	1	0	3682	5	1	0	3683	5	1	0	3684	5	1	0	3685	5	1	0	3686	5	1	0	3687	5	1	0	3688	5	1	0	3689	5	1	0	3690	5	1	0	3691	5	1	0	3692	5	1	0	3693	5	1	0	3694	5	1	0	3695	5	1	0	3696	5	1	0	3697	5	1	0	3698	5	1	0	3699	5	1	0	3700	5	1	0	3701	5	1	0	3702	5	1	0	3703	5	1	0	3704	5	1	0	3705	5	1	0	3706	5	1	0	3707	5	1	0	3708	5	1	0	3709	5	1	0	3710	5	1	0	3711	5	1	0	3712	5	1	0	3713	5	1	0	3720	5	1	0	3721	5	1	0	3722	5	1	0	3723	5	1	0	3724	5	1	0	3725	5	1	0	3726	5	1	0	3727	5	1	0	3728	5	1	0	3729	5	1	0	3730	5	1	0	3731	5	1	0	3732	5	1	0	3733	5	1	0	3734	5	1	0	3735	5	1	0	3736	5	1	0	3737	5	1	0	2600294	5	1	0	2600295	5	1	0	2600296	5	1	0	2600297	5	1	0	2600298	5	1	0	2600299	5	1	0	2600300	5	1	0	2600301	5	1	0	2600302	5	1	0	2600303	5	1	0	2600304	5	1	0	2600305	5	1	0	2600306	5	1	0	2600307	5	1	0	2600308	5	1	0	2600309	5	1	0	2600310	5	1	0	2600311	5	1	0	2600312	5	1	0	2600313	5	1	0	2600314	5	1	0	2600315	5	1	0	2600316	5	1	0	2600317	5	1	0	2600318	5	1	0	2600319	5	1	0	2600320	5	1	0	2600321	5	1	0	2600322	5	1	0	2600323	5	1	0	2600324	5	1	0	2600325	5	1	0	2600326	5	1	0	2600327	5	1	0	2600328	5	1	0	2600329	5	1	0	2600330	5	1	0	2600331	5	1	0	2600332	5	1	0	2600333	5	1	0	2600334	5	1	0	2600335	5	1	0	2600336	5	1	0	2600337	5	1	0	2600338	5	1	0	2600339	5	1	0	2600340	5	1	0	2600341	5	1	0	2600342	5	1	0	2600343	5	1	0	2600344	5	1	0	2600345	5	1	0	2600346	5	1	0	2600347	5	1	0	2600348	5	1	0	2600349	5	1	0	2600350	5	1	0	2600351	5	1	0	2600352	5	1	0	2600353	5	1	0	2600354	5	1	0	2600355	5	1	0	2600356	5	1	0	2600357	5	1	0	2600358	5	1	0	2600359	5	1	0	2600360	5	1	0	2600361	5	1	0	2600362	5	1	0	2600363	5	1	0	2600364	5	1	0	2600365	5	1	0	2600366	5	1	0	2600367	5	1	0	2600368	5	1	0	2600369	5	1	0	2600370	5	1	0	2600371	5	1	0	2600372	5	1	0	2600373	5	1	0	2600374	5	1	0	2600375	5	1	0	2600376	5	1	0	2600377	5	1	0	2600378	5	1	0	2600379	5	1	0	2600380	5	1	0	2600381	5	1	0	2600382	5	1	0	2600383	5	1	0	2600384	5	1	0	2600385	5	1	0	2600386	5	1	0	2600387	5	1	0	2600388	5	1	0	2600389	5	1	0	2600390	5	1	0	2600391	5	1	0	2600392	5	1	0	2600393	5	1	0	2600394	5	1	0	2600395	5	1	0	2600396	5	1	0	2600397	5	1	0	2600398	5	1	0	2600399	5	1	0	2600400	5	1	0	2600420	5	1	0	2600421	5	1	0	2600422	5	1	0	2600423	5	1	0	2600424	5	1	1	2600425	5	1	1	2600432	5	1	1	2600433	5	1	1	2600434	5	1	1	2600435	5	1	1	2600444	5	1	1	2600445	5	1	1	2600446	5	1	1	2600447	5	1	1	2600448	5	1	1	2600449	5	1	1	2600450	5	1	1	63006	5	1	1	63007	5	1	1	63013	5	1	1	63014	5	1	1	63015	5	1	1	63016	5	1	1	63017	5	1	1	63018	5	1	1	63022	5	1	1	63024	5	1	1	63028	5	1	1	63031	5	1	1	63035	5	1	1	63039	5	1	1	63041	5	1	1	63043	5	1	1	63045	5	1	1	63047	5	1	1	63049	5	1	1	63057	5	1	1	63051	5	1	1	63059	5	1	1	63053	5	1	1	63055	5	1	1	63061	5	1	1	63063	5	1	1	63069	5	1	1	63071	5	1	1	63073	5	1	1	63093	5	1	1	63098	5	1	1	63099	5	1	1	65065	5	1	1	63067	5	1	1	63079	5	1	1	63081	5	1	1	63083	5	1	1	63085	5	1	1	63087	5	1	1	63089	5	1	1	63091	5	1	1	63095	5	1	1	63113	5	1	1	63115	5	1	1	63117	5	1	1	63145	5	1	1	63143	5	1	1	63119	5	1	1	63125	5	1	1	63147	5	1	1	63149	5	1	1	63151	5	1	1	63153	5	1	1	63155	5	1	1	63171	5	1	1	63173	5	1	1	63175	5	1	1	63177	5	1	1	63183	5	1	1	63185	5	1	1	63101	5	1	1	63103	5	1	1	63105	5	1	1	63107	5	1	0	7743	3000	1	0	7744	500	1	0	8386	5	1	0	2660834	1000	1	0	2660452	1000	1	0	7819	5	1	0	3340	5	1	0	3340	5	1	0	3340	5	1	0	1284	5	1	0	1183	5	1	0	8238	5	1	0	690000587	5	1	0	10000323	500	1	0	10000323	75	5	0	10000326	80	1	0	10000326	40	5	0	10000323	110	2	0	10000326	5	1	0	2660666	100	1	0	2660667	100	1	0	2660668	100	1	0	2660669	100	1	0	900	5	1	0	900	40	5	0	900	20	10	0	900	1	100	0	690000944	5	1	0	2660500	5	1	0	2660761	5	1	0	690012001	40	1	0	2660548	100	1	0	2660548	50	2	0	2660548	40	3	0	2660548	30	5	0	2660548	20	8	0	690015000	2	1	0	690015001	2	1	0	690015002	2	1	0	690015003	2	1	0	690015004	2	1	0	690016000	3	1	0	690016001	3	1	0	690016002	3	1	1	690002005	5	1	1	690002004	3	1	1	690017591	3	1	1	690017592	3	1	1	690017593	5	1	1	690017594	3	1	1	26158	1000	1	1	26155	1000	1	1	26161	1000	1	1	10005005	1000	1	1	10005005	1000	3	1	490005983	1	1	1	690015900	1	1	1	690015901	1	1	1	690015902	1	1	1	690015903	100	1
	[/random list]
	[random list]
		1	7422	3	0	1085	20000	5	0	1085	15000	1	0	1085	10000	2	0	1085	8000	5	0	1085	70	10	0	7422	20000	5	0	7422	15000	3	0	7422	10000	2	0	7422	8000	3	0	7422	70	10	0	8	20000	3	0	8	15000	1	0	8	10000	3	0	8	8000	3	0	8	2000	5	0	2600015	2500	1	0	2600015	1500	2	0	2600015	1000	3	0	2600015	500	5	0	2600016	2500	1	0	2600016	1500	2	0	2600016	1000	3	0	2600016	500	5	0	2600012	2500	1	0	2600012	1500	2	0	2600012	1000	3	0	2600012	500	5	0	2600013	2500	1	0	2600013	1500	2	0	2600013	1000	3	0	2600013	500	5	0	2600027	2500	1	0	2600027	1500	2	0	2600027	1000	3	0	2600027	500	5	0	2600014	2500	1	0	2600014	1500	2	0	2600014	1000	3	0	2600014	500	5	0	2600028	2500	1	0	2600028	1500	2	0	2600028	1000	3	0	2600028	500	5	0	2600021	2500	1	0	2600021	1500	2	0	2600021	1000	3	0	2600021	500	5	0	2600023	2500	1	0	2600023	1500	2	0	2600023	1000	3	0	2600023	500	5	0	2600024	2500	1	0	2600024	1500	2	0	2600024	1000	3	0	2600024	500	5	0	2600020	2500	1	0	2600020	1500	2	0	2600020	1000	3	0	2600020	500	5	0	2600019	2500	1	0	2600019	1500	2	0	2600019	1000	3	0	2600019	500	5	0	2600022	2500	1	0	2600022	1500	2	0	2600022	1000	3	0	2600022	500	5	0	2600025	2500	1	0	2600257	2500	5	0	2600257	1250	10	0	2600257	625	30	0	2600257	325	50	0	2600018	2500	1	0	2600018	1250	2	0	2600018	625	3	0	2600555	2500	1	0	2600555	1250	2	0	2600555	625	3	0	2600556	2500	1	0	2600556	1250	2	0	2600556	625	3	0	2600551	2500	1	0	2600551	1250	2	0	2600551	625	3	0	2600552	2500	1	0	2600552	1250	2	0	2600552	625	3	0	2600255	2500	1	0	2600255	1250	2	0	2600255	625	3	0	2600256	2500	1	0	2600256	1250	2	0	2600256	625	3	0	2600251	2500	1	0	2600251	1250	2	0	2600251	625	3	0	2600252	2500	1	0	2600252	1250	2	0	2600252	625	3	0	14	15000	1	0	14	10000	3	0	14	5000	5	0	15	15000	1	0	15	10000	3	0	15	5000	5	0	1251	15000	1	0	1252	5000	1	0	1	15000	1	0	1	8000	3	0	1	4000	3	0	1	2000	7	0	1	1000	5	0	2682582	15000	1	0	2682582	10000	2	0	2682582	5000	3	0	24	5000	5	0	24	500	10	0	21	15000	1	0	21	5000	2	0	21	2000	2	0	24	15000	2	0	24	10000	5	0	24	5000	10	0	25	5000	1	0	25	1000	2	0	25	500	3	0	899	1200	1	0	899	500	3	0	899	300	3	0	30	20000	1	0	31	10000	1	0	32	2000	1	0	33	1000	1	0	34	5	1	0	43	20000	1	0	44	10000	1	0	45	1000	1	0	46	5	1	0	2660409	5000	1	0	2660410	1000	1	0	2660411	5	1	0	7273	132	1	0	7274	5	1	0	7275	5	1	0	8233	35	1	0	8234	120	1	0	8235	40	1	0	8236	10	1	0	8237	3	1	0	1286	40	1	0	8292	200	1	0	8293	15	1	0	8294	15	1	0	8295	140	1	0	8296	130	1	0	8297	120	1	0	8298	110	1	0	8299	5	1	0	8300	65	1	0	8301	5	1	0	8302	5	1	0	8303	5	1	0	8304	5	1	0	8305	40	1	0	8306	30	1	0	8307	10	1	0	8308	200	1	0	8309	15	1	0	8310	15	1	0	8311	140	1	0	8312	130	1	0	8313	120	1	0	8314	110	1	0	8315	5	1	0	8316	65	1	0	8317	5	1	0	8318	5	1	0	8319	5	1	0	8320	5	1	0	8321	40	1	0	8322	30	1	0	8323	10	1	0	8324	1	1	0	36	5000	1	0	36	5000	3	0	36	5000	5	0	37	10000	1	0	37	10000	3	0	37	10000	5	0	7614	20000	1	0	7615	10000	1	0	7616	2000	1	0	690000301	20000	1	0	690000301	10000	2	0	690000301	5000	3	0	3260	5000	1	0	3260	3500	3	0	3260	1500	5	0	3285	5000	1	0	3285	3500	3	0	3285	1500	5	0	3290	5000	1	0	3290	3500	3	0	3290	1500	5	0	4438	5000	1	0	4438	3500	2	0	4438	1500	3	0	8050	500	1	0	8325	1000	1	0	8239	200	1	0	8240	5	1	0	8326	5	1	0	4429	3500	1	0	4429	1500	2	0	4429	500	3	0	3336	3500	5	0	3336	1500	10	0	3336	500	50	0	3337	3500	5	0	3337	1500	10	0	3337	500	50	0	3326	3500	2	0	3326	1500	3	0	3326	500	5	0	4430	3500	1	0	4430	1500	2	0	4430	500	3	0	4421	3500	1	0	4421	1500	2	1	4421	500	3	1	3209	350	1	1	3209	1500	2	1	3209	500	3	1	4176	350	1	1	4176	1500	2	1	4176	500	3	1	4083	350	1	1	4083	1500	2	1	4083	500	3	1	10000540	20000	1	1	10000541	5000	1	1	10104	5	1	1	10105	5	1	1	10106	5	1	1	10107	5	1	1	10108	5	1	1	10109	5	1	1	10110	5	1	1	10112	5	1	1	10877	5	1	1	10878	5	1	1	10879	5	1	1	10880	5	1	1	10881	5	1	1	10882	5	1	1	10883	5	1	1	10885	5	1	1	11277	5	1	1	11278	5	1	1	11279	5	1	1	11280	5	1	1	11281	5	1	1	11282	5	1	1	11283	5	1	1	11285	5	1	1	12102	5	1	1	12103	5	1	1	12104	5	1	1	12105	5	1	1	12106	5	1	1	12107	5	1	1	12108	5	1	1	12110	5	1	1	12480	5	1	1	12481	5	1	1	12482	5	1	1	12483	5	1	1	12484	5	1	1	12485	5	1	1	12486	5	1	1	12488	5	1	1	27082	5	1	1	27083	5	1	1	27084	5	1	1	27085	5	1	1	27086	5	1	1	27087	5	1	1	27088	5	1	1	27536	5	1	1	27537	5	1	1	27538	5	1	1	27539	5	1	1	27540	5	1	1	27541	5	1	1	27542	5	1	1	27680	5	1	1	27681	5	1	1	27682	5	1	1	27683	5	1	1	27684	5	1	1	27685	5	1	1	27686	5	1	1	27980	5	1	1	27981	5	1	1	27982	5	1	1	27983	5	1	1	27984	5	1	1	27985	5	1	1	27986	5	1	1	29083	5	1	1	29084	5	1	1	29085	5	1	1	29086	5	1	1	29087	5	1	1	29088	5	1	1	29089	5	1	1	29680	5	1	1	29681	5	1	1	29682	5	1	1	29683	5	1	1	29684	5	1	1	29685	5	1	1	29686	5	1	1	29688	5	1	1	29981	5	1	1	29982	5	1	1	29983	5	1	1	29984	5	1	1	29985	5	1	1	29986	5	1	1	29987	5	1	1	31082	5	1	1	31083	5	1	1	31084	5	1	1	31085	5	1	1	31086	5	1	1	31087	5	1	1	31088	5	1	1	31380	5	1	1	31381	5	1	1	31382	5	1	1	31383	5	1	1	31384	5	1	1	31385	5	1	1	31386	5	1	1	31678	5	1	1	31679	5	1	1	31680	5	1	1	31681	5	1	1	31682	5	1	1	31683	5	1	1	31684	5	1	1	31980	5	1	1	31981	5	1	1	31982	5	1	1	31983	5	1	1	31984	5	1	1	31985	5	1	1	31986	5	1	1	32279	5	1	1	32280	5	1	1	32281	5	1	1	32282	5	1	1	32283	5	1	1	32284	5	1	1	32285	5	1	1	33044	5	1	1	33045	5	1	1	33046	5	1	1	33047	5	1	1	33048	5	1	1	33049	5	1	1	33050	5	1	1	33345	5	1	1	33346	5	1	1	33347	5	1	1	33348	5	1	1	33349	5	1	1	33350	5	1	1	33351	5	1	1	33645	5	1	1	33646	5	1	1	33647	5	1	1	33648	5	1	1	33649	5	1	1	33650	5	1	1	33651	5	1	1	33946	5	1	1	33947	5	1	1	33948	5	1	1	33949	5	1	1	33950	5	1	1	33951	5	1	1	33952	5	1	1	35043	5	1	1	35044	5	1	1	35045	5	1	1	35046	5	1	1	35047	5	1	1	35048	5	1	1	35049	5	1	1	35341	5	1	1	35342	5	1	1	35343	5	1	1	35344	5	1	1	35345	5	1	1	35346	5	1	1	35347	5	1	1	37049	5	1	1	37050	5	1	1	37051	5	1	1	37052	5	1	1	37053	5	1	1	37054	5	1	1	37055	5	1	1	37347	5	1	1	37348	5	1	1	37349	5	1	1	37350	5	1	1	37351	5	1	1	37352	5	1	1	37353	5	1	1	37647	5	1	1	37648	5	1	1	37649	5	1	1	37650	5	1	1	37651	5	1	1	37652	5	1	1	37653	5	1	1	39383	5	1	1	39384	5	1	1	39385	5	1	1	39386	5	1	1	39387	5	1	1	39388	5	1	1	39389	5	1	1	33024	5	1	1	33027	5	1	1	33030	5	1	1	27046	5	1	1	27052	5	1	1	27059	5	1	1	27645	5	1	1	27651	5	1	1	27658	5	1	1	27945	5	1	1	27951	5	1	1	27958	5	1	1	27344	5	1	1	27500	5	1	1	27510	5	1	1	28228	5	1	1	28232	5	1	1	28236	5	1	1	28240	5	1	1	29047	5	1	1	29054	5	1	1	29061	5	1	1	29346	5	1	1	39353	5	1	1	39361	5	1	1	29644	5	1	1	29651	5	1	1	29658	5	1	1	30227	5	1	1	30230	5	1	1	30234	5	1	1	29944	5	1	1	29952	5	1	1	29959	5	1	1	31046	5	1	1	31053	5	1	1	31060	5	1	1	31344	5	1	1	31351	5	1	1	31358	5	1	1	31945	5	1	1	31951	5	1	1	31958	5	1	1	31962	5	1	1	32244	5	1	1	32250	5	1	1	32257	5	1	1	31644	5	1	1	31650	5	1	1	31657	5	1	1	33324	5	1	1	33327	5	1	1	33330	5	1	1	33624	5	1	1	33627	5	1	1	33630	5	1	1	33925	5	1	1	33928	5	1	1	33931	5	1	1	34255	5	1	1	34256	5	1	1	35031	5	1	1	35330	5	1	1	35630	5	1	1	35930	5	1	1	36230	5	1	1	37037	5	1	1	37038	5	1	1	37039	5	1	1	37335	5	1	1	37336	5	1	1	37337	5	1	1	37635	5	1	1	37636	5	1	1	37637	5	1	1	24095	5	1	1	24096	5	1	1	24097	5	1	1	24098	5	1	1	24099	5	1	1	24100	5	1	1	24101	5	1	1	22093	5	1	1	22094	5	1	1	22095	5	1	1	22096	5	1	1	22097	5	1	1	22098	5	1	1	22099	5	1	1	20094	5	1	1	20095	5	1	1	20096	5	1	1	20097	5	1	1	20098	5	1	1	20099	5	1	1	20100	5	1	1	20054	5	1	1	20064	5	1	1	20071	5	1	1	20080	5	1	0	20093	5	1	0	24053	5	1	0	24064	5	1	0	24071	5	1	0	24080	5	1	0	24094	5	1	0	22051	5	1	0	22062	5	1	0	22069	5	1	0	22078	5	1	0	22079	5	1	0	22092	5	1	0	3600	5	1	0	3601	5	1	0	3602	5	1	0	3603	5	1	0	3604	5	1	0	3605	5	1	0	3606	5	1	0	3607	5	1	0	3608	5	1	0	3609	5	1	0	3610	5	1	0	3611	5	1	0	3612	5	1	0	3613	5	1	0	3614	5	1	0	3615	5	1	0	3616	5	1	0	3617	5	1	0	3618	5	1	0	3619	5	1	0	3620	5	1	0	3621	5	1	0	3622	5	1	0	3623	5	1	0	3624	5	1	0	3625	5	1	0	3626	5	1	0	3627	5	1	0	3628	5	1	0	3629	5	1	0	3630	5	1	0	3631	5	1	0	3632	5	1	0	3633	5	1	0	3634	5	1	0	3635	5	1	0	3636	5	1	0	3637	5	1	0	3638	5	1	0	3639	5	1	0	3640	5	1	0	3641	5	1	0	3642	5	1	0	3643	5	1	0	3644	5	1	0	3645	5	1	0	3646	5	1	0	3647	5	1	0	3648	5	1	0	3649	5	1	0	3650	5	1	0	3651	5	1	0	3652	5	1	0	3653	5	1	0	3654	5	1	0	3655	5	1	0	3656	5	1	0	3657	5	1	0	3658	5	1	0	3659	5	1	0	3660	5	1	0	3661	5	1	0	3662	5	1	0	3663	5	1	0	3664	5	1	0	3665	5	1	0	3666	5	1	0	3667	5	1	0	3668	5	1	0	3669	5	1	0	3670	5	1	0	3671	5	1	0	3672	5	1	0	3673	5	1	0	3674	5	1	0	3675	5	1	0	3676	5	1	0	3677	5	1	0	3678	5	1	0	3679	5	1	0	3680	5	1	0	3681	5	1	0	3682	5	1	0	3683	5	1	0	3684	5	1	0	3685	5	1	0	3686	5	1	0	3687	5	1	0	3688	5	1	0	3689	5	1	0	3690	5	1	0	3691	5	1	0	3692	5	1	0	3693	5	1	0	3694	5	1	0	3695	5	1	0	3696	5	1	0	3697	5	1	0	3698	5	1	0	3699	5	1	0	3700	5	1	0	3701	5	1	0	3702	5	1	0	3703	5	1	0	3704	5	1	0	3705	5	1	0	3706	5	1	0	3707	5	1	0	3708	5	1	0	3709	5	1	0	3710	5	1	0	3711	5	1	0	3712	5	1	0	3713	5	1	0	3720	5	1	0	3721	5	1	0	3722	5	1	0	3723	5	1	0	3724	5	1	0	3725	5	1	0	3726	5	1	0	3727	5	1	0	3728	5	1	0	3729	5	1	0	3730	5	1	0	3731	5	1	0	3732	5	1	0	3733	5	1	0	3734	5	1	0	3735	5	1	0	3736	5	1	0	3737	5	1	0	2600294	5	1	0	2600295	5	1	0	2600296	5	1	0	2600297	5	1	0	2600298	5	1	0	2600299	5	1	0	2600300	5	1	0	2600301	5	1	0	2600302	5	1	0	2600303	5	1	0	2600304	5	1	0	2600305	5	1	0	2600306	5	1	0	2600307	5	1	0	2600308	5	1	0	2600309	5	1	0	2600310	5	1	0	2600311	5	1	0	2600312	5	1	0	2600313	5	1	0	2600314	5	1	0	2600315	5	1	0	2600316	5	1	0	2600317	5	1	0	2600318	5	1	0	2600319	5	1	0	2600320	5	1	0	2600321	5	1	0	2600322	5	1	0	2600323	5	1	0	2600324	5	1	0	2600325	5	1	0	2600326	5	1	0	2600327	5	1	0	2600328	5	1	0	2600329	5	1	0	2600330	5	1	0	2600331	5	1	0	2600332	5	1	0	2600333	5	1	0	2600334	5	1	0	2600335	5	1	0	2600336	5	1	0	2600337	5	1	0	2600338	5	1	0	2600339	5	1	0	2600340	5	1	0	2600341	5	1	0	2600342	5	1	0	2600343	5	1	0	2600344	5	1	0	2600345	5	1	0	2600346	5	1	0	2600347	5	1	0	2600348	5	1	0	2600349	5	1	0	2600350	5	1	0	2600351	5	1	0	2600352	5	1	0	2600353	5	1	0	2600354	5	1	0	2600355	5	1	0	2600356	5	1	0	2600357	5	1	0	2600358	5	1	0	2600359	5	1	0	2600360	5	1	0	2600361	5	1	0	2600362	5	1	0	2600363	5	1	0	2600364	5	1	0	2600365	5	1	0	2600366	5	1	0	2600367	5	1	0	2600368	5	1	0	2600369	5	1	0	2600370	5	1	0	2600371	5	1	0	2600372	5	1	0	2600373	5	1	0	2600374	5	1	0	2600375	5	1	0	2600376	5	1	0	2600377	5	1	0	2600378	5	1	0	2600379	5	1	0	2600380	5	1	0	2600381	5	1	0	2600382	5	1	0	2600383	5	1	0	2600384	5	1	0	2600385	5	1	0	2600386	5	1	0	2600387	5	1	0	2600388	5	1	0	2600389	5	1	0	2600390	5	1	0	2600391	5	1	0	2600392	5	1	0	2600393	5	1	0	2600394	5	1	0	2600395	5	1	0	2600396	5	1	0	2600397	5	1	0	2600398	5	1	0	2600399	5	1	0	2600400	5	1	0	2600420	5	1	0	2600421	5	1	0	2600422	5	1	0	2600423	5	1	0	2600424	5	1	1	2600425	5	1	1	2600432	5	1	1	2600433	5	1	1	2600434	5	1	1	2600435	5	1	1	2600444	5	1	1	2600445	5	1	1	2600446	5	1	1	2600447	5	1	1	2600448	5	1	1	2600449	5	1	1	2600450	5	1	1	63006	5	1	1	63007	5	1	1	63013	5	1	1	63014	5	1	1	63015	5	1	1	63016	5	1	1	63017	5	1	1	63018	5	1	1	63022	5	1	1	63024	5	1	1	63028	5	1	1	63031	5	1	1	63035	5	1	1	63039	5	1	1	63041	5	1	1	63043	5	1	1	63045	5	1	1	63047	5	1	1	63049	5	1	1	63057	5	1	1	63051	5	1	1	63059	5	1	1	63053	5	1	1	63055	5	1	1	63061	5	1	1	63063	5	1	1	63069	5	1	1	63071	5	1	1	63073	5	1	1	63093	5	1	1	63098	5	1	1	63099	5	1	1	65065	5	1	1	63067	5	1	1	63079	5	1	1	63081	5	1	1	63083	5	1	1	63085	5	1	1	63087	5	1	1	63089	5	1	1	63091	5	1	1	63095	5	1	1	63113	5	1	1	63115	5	1	1	63117	5	1	1	63145	5	1	1	63143	5	1	1	63119	5	1	1	63125	5	1	1	63147	5	1	1	63149	5	1	1	63151	5	1	1	63153	5	1	1	63155	5	1	1	63171	5	1	1	63173	5	1	1	63175	5	1	1	63177	5	1	1	63183	5	1	1	63185	5	1	1	63101	5	1	1	63103	5	1	1	63105	5	1	1	63107	5	1	0	7743	3000	1	0	7744	500	1	0	8386	5	1	0	2660834	1000	1	0	2660452	1000	1	0	7819	5	1	0	3340	5	1	0	3340	5	1	0	3340	5	1	0	1284	5	1	0	1183	5	1	0	8238	5	1	0	690000587	5	1	0	10000323	500	1	0	10000323	75	5	0	10000326	80	1	0	10000326	40	5	0	10000323	110	2	0	10000326	5	1	0	2660666	100	1	0	2660667	100	1	0	2660668	100	1	0	2660669	100	1	0	900	5	1	0	900	40	5	0	900	20	10	0	900	1	100	0	690000944	5	1	0	2660500	5	1	0	2660761	5	1	0	690012001	40	1	0	2660548	100	1	0	2660548	50	2	0	2660548	40	3	0	2660548	30	5	0	2660548	20	8	0	690015000	2	1	0	690015001	2	1	0	690015002	2	1	0	690015003	2	1	0	690015004	2	1	0	690016000	3	1	0	690016001	3	1	0	690016002	3	1	1	690002005	5	1	1	690002004	3	1	1	26158	1000	1	1	26155	1000	1	1	26161	1000	1	1	10005005	1000	1	1	10005005	1000	3	1	490005983	1	1	1	690015900	1	1	1	690015901	1	1	1	690015902	1	1	1	690015903	1	1	1	690017591	1	1	1	690017592	1	1	1	690017593	1	1	1	690017594	1	1	1	690014000	1	1	1	690014001	1	1	1	690014002	1	1	1	690014003	1	1	1	690014004	1	1	1	690014005	1	1	1	690014006	1	1	1	690014007	1	1	1	690014008	1	1
	[/random list]
	[sealing removal item]
		900	1
	[/sealing removal item]
[/random]

[move wav]
	`CLOTH_TOUCH`
